0000000001010000
1111000000000000
0000000001001110
1111000000000000
0000000001010000
1110100000000000
0000000000000010
1111000000000000
0000000001001110
1110100000000000
0000000000000100
1111000000000000
0000000001001100
1110100000000000
0000000000000110
1111000000000000
0000000001001110
1110100000000000
0000000000001000
1111000000000000
0000000000001000
1110100000000000
0000000000000110
1111000000000000
0000000000000110
1110100000000000
0000000001001100
1111000000000000
0000000001001010
1110100000000000
0000000000001010
1111000000000000
0000000001001110
1110100000000000
0000000000001100
1111000000000000
0000000000001100
1110100000000000
0000000001001110
1000100000000000
1110100000000000
0000000000001110
1111000000000000
0000000000001110
1110100000000000
0000000000001010
1111000000000000
0000000000001010
1110100000000000
0000000001001010
1111000000000000
0000000001001000
1110100000000000
0000000000010000
1111000000000000
0000000001001110
1110100000000000
0000000000010010
1111000000000000
0000000000010010
1110100000000000
0000000000000001
1000100000000000
0000000000010100
1111000000000000
0000000000010100
1110100000000000
0000000000010000
1111000000000000
0000000000010000
1110100000000000
0000000001001000
1111000000000000
0000000001001000
1110100000000000
0000000000010110
1111000000000000
0000000001010000
1110100000000000
0000000000011000
1111000000000000
0000000000010110
1110100000000000
0000000000011000
1110100000000000
1000010000000000
1000000001000000
0000000000000000
1000000110000000
1000111001000000
0000000000000000
1000111001000000
1000000110000000
1000110000000000
0000000000000001
1000010000000000
0000000000011010
1111000000000000
0000000000011010
1110100000000000
1001100001100010
0000000001001000
1110100000000000
0000000000011100
1111000000000000
0000000000011100
1110100000000000
0000000001001110
1000100000000000
1110100000000000
0000000000011110
1111000000000000
0000000001001010
1110100000000000
0000000000000000
1111000000000000
0000000000011110
1110100000000000
0000000000000000
1110100000000000
1000010000000000
1000000001000000
0000000000000000
1000000110000000
1000111001000000
0000000000000000
1000111001000000
1000000110000000
1000110000000000
0000000000000001
1000010000000000
0000000000000010
1111000000000000
0000000000000010
1110100000000000
1001100000101000
0000000001001010
1110100000000000
0000000000000100
1111000000000000
0000000001001000
1110100000000000
0000000000000110
1111000000000000
0000000000000110
1110100000000000
0000000001001110
1000100000000000
1110100000000000
0000000000001000
1111000000000000
0000000000001000
1110100000000000
0000000000000100
1111000000000000
0000000000000100
1110100000000000
0000000001001010
1111000000000000
0000000001001100
1110100000000000
0000000000001010
1111000000000000
0000000001001000
1110100000000000
0000000000001100
1111000000000000
0000000000001100
1110100000000000
0000000000001010
1111000000000000
0000000000001010
1110100000000000
0000000001001100
1111000000000000
0000000001001000
1110100000000000
0000000000001110
1111000000000000
0000000001001000
1110100000000000
0000000000010000
1111000000000000
0000000000010000
1110100000000000
0000000000000001
1000100000000000
0000000000010010
1111000000000000
0000000000010010
1110100000000000
0000000000001110
1111000000000000
0000000000001110
1110100000000000
0000000001001000
1111000000000000
1010011110000100
0000000001001100
1110100000000000
0000000000010100
1111000000000000
0000000000010100
1110100000000000
1000000000100000
1000000000100000
0000000001001000
1110100000000000
0000000000010110
1111000000000000
0000000001001110
1110100000000000
0000000000011000
1111000000000000
0000000000011000
1110100000000000
0000000000010110
1111000000000000
0000000000010110
1110100000000000
0000000001001000
1111000000000000
0000000001001000
1110100000000000
0000000000011010
1111000000000000
0000000001010000
1110100000000000
0000000000011100
1111000000000000
0000000000011100
1110100000000000
0000000000000001
1000010000000000
0000000000011110
1111000000000000
0000000000011010
1110100000000000
0000000000011110
1110100000000000
1000010000000000
1000000001000000
0000000000000000
1000000110000000
1000111001000000
0000000000000000
1000111001000000
1000000110000000
1000110000000000
0000000000000001
1000010000000000
0000000000000000
1111000000000000
0000000000000000
1110100000000000
1001100010001000
0000000001001100
1110100000000000
0000000000000010
1111000000000000
0000000000000010
1110100000000000
0000000001001110
1000100000000000
1110100000000000
0000000000000100
1111000000000000
0000000000000100
1110100000000000
0000000001001000
1110100000000000
0000000000000110
1111000000000000
0000000000000110
1110100000000000
0000000001010000
1110100000000000
0000000000001000
1111000000000000
0000000000001000
1110100000000000
1010011011100111
0000000000001010
1111000000000000
0000000000001010
1110100000000000
0000000000000100
1111000000000000
0000000000000100
1110100000000000
0000000001001110
1111000000000000
0000000001010110
1110100000000000
0000000000001100
1111000000000000
0000000001001100
1110100000000000
0000000000001110
1111000000000000
0000000000001110
1110100000000000
0000000001001110
1000100000000000
1110100000000000
0000000000010000
1111000000000000
0000000000010000
1110100000000000
0000000000001100
1111000000000000
0000000000001100
1110100000000000
0000000001010110
1111000000000000
0000000001001100
1110100000000000
0000000000010010
1111000000000000
0000000000010010
1110100000000000
0000000001001110
1000100000000000
1110100000000000
0000000000010100
1111000000000000
0000000001001000
1110100000000000
0000000000010110
1111000000000000
0000000000010110
1110100000000000
0000000001001110
1000100000000000
1110100000000000
0000000000011000
1111000000000000
0000000000011000
1110100000000000
0000000000010100
1111000000000000
0000000000010100
1110100000000000
0000000001001110
1111000000000000
0000000001001000
1110100000000000
0000000000011010
1111000000000000
0000000000011010
1110100000000000
0000000001001110
1000100000000000
1110100000000000
0000000000011100
1111000000000000
0000000001010110
1110100000000000
0000000000011110
1111000000000000
0000000000011110
1110100000000000
0000000000011100
1111000000000000
0000000000011100
1110100000000000
0000000001001110
1111000000000000
0000000001001000
1110100000000000
0000000000000000
1111000000000000
0000000001001000
1110100000000000
0000000000000010
1111000000000000
0000000000000010
1110100000000000
0000000000000001
1000100000000000
0000000000000100
1111000000000000
0000000000000100
1110100000000000
0000000000000000
1111000000000000
0000000000000000
1110100000000000
0000000001001000
1111000000000000
1010011101011000
1000000000100000
0000000001001000
1110100000000000
0000000000000110
1111000000000000
sss
0000000000000000
1110100000000000
0000000000000110
1111000000000000
0000000000000110
1110100000000000
0000000001001000
1111000000000000
0000000001001000
1110100000000000
0000000000001000
1111000000000000
0000000000001000
1110100000000000
0000000000001010
1000010000000000
1000000001000000
0000000000000000
1000000110000000
1000111001000000
0000000000000000
1000111001000000
1000000110000000
1000110000000000
0000000000000001
1000010000000000
0000000000001010
1111000000000000
0000000000001010
1110100000000000
1001100000101111
0000000001001000
1110100000000000
0000000000001100
1111000000000000
0000000000001100
1110100000000000
0000000000100000
1000100000000000
1110100000000000
0000000000001110
1111000000000000
1100000000000001
1100000000000000
0000000000010000
1111000000000000
0000000000010000
1110100000000000
0000000000001110
1111000000000000
0000000000001110
1110100000000000
0000000000100000
1111000000000000
0000000001001000
1110100000000000
0000000000010010
1111000000000000
0000000001001000
1110100000000000
0000000000010100
1111000000000000
0000000000010100
1110100000000000
0000000000000001
1000100000000000
0000000000010110
1111000000000000
0000000000010110
1110100000000000
0000000000010010
1111000000000000
0000000000010010
1110100000000000
0000000001001000
1111000000000000
1010011110111100
0000000000000010
1110100000000000
0000000000100000
1000100000000000
1110100000000000
0000000000011000
1111000000000000
0000000000011000
1110100000000000
0000000000000000
0000000000001010
1010011011101010
0000000001001000
1110100000000000
0000000000011100
1111000000000000
sss
0000000000000000
1110100000000000
0000000000011100
1111000000000000
0000000000011100
1110100000000000
0000000001001000
1111000000000000
0000000001001000
1110100000000000
0000000000011110
1111000000000000
0000000000011110
1110100000000000
0000000000001010
1000010000000000
1000000001000000
0000000000000000
1000000110000000
1000111001000000
0000000000000000
1000111001000000
1000000110000000
1000110000000000
0000000000000001
1000010000000000
0000000000000000
1111000000000000
0000000000000000
1110100000000000
1001100000100111
0000000001001000
1110100000000000
0000000000000010
1111000000000000
0000000000000010
1110100000000000
0000000000100000
1000100000000000
1110100000000000
0000000000000100
1111000000000000
0000000000000100
1110100000000000
0000000000000000
1101000000000000
0000000001001000
1110100000000000
0000000000001000
1111000000000000
0000000001001000
1110100000000000
0000000000001010
1111000000000000
0000000000001010
1110100000000000
0000000000000001
1000100000000000
0000000000001100
1111000000000000
0000000000001100
1110100000000000
0000000000001000
1111000000000000
0000000000001000
1110100000000000
0000000001001000
1111000000000000
1010011111000100
1110000000000000
