1000000001010000
1111000000000000
1000000001001110
1111000000000000
1000000001010000
1110100000000000
1000000000000010
1111000000000000
1000000001001110
1110100000000000
1000000000000100
1111000000000000
1000000001001100
1110100000000000
1000000000000110
1111000000000000
1000000001001110
1110100000000000
1000000000001000
1111000000000000
1000000000001000
1110100000000000
1000000000000110
1111000000000000
1000000000000110
1110100000000000
1000000001001100
1111000000000000
1000000001001010
1110100000000000
1000000000001010
1111000000000000
1000000001001110
1110100000000000
1000000000001100
1111000000000000
1000000000001100
1110100000000000
1000000001001110
1000100000000000
1110100000000000
1000000000001110
1111000000000000
1000000000001110
1110100000000000
1000000000001010
1111000000000000
1000000000001010
1110100000000000
1000000001001010
1111000000000000
1000000001001000
1110100000000000
1000000000010000
1111000000000000
1000000001001110
1110100000000000
1000000000010010
1111000000000000
1000000000010010
1110100000000000
1000000000000001
1000100000000000
1000000000010100
1111000000000000
1000000000010100
1110100000000000
1000000000010000
1111000000000000
1000000000010000
1110100000000000
1000000001001000
1111000000000000
1000000001001000
1110100000000000
1000000000010110
1111000000000000
1000000001010000
1110100000000000
1000000000011000
1111000000000000
1000000000010110
1110100000000000
1000000000011000
1110100000000000
1000010000000000
1000000001000000
1000000000000000
1000000110000000
1000111001000000
1000000000000000
1000111001000000
1000000110000000
1000110000000000
1000000000000001
1000010000000000
1000000000011010
1111000000000000
1000000000011010
1110100000000000
1001100001011000
1000000001001000
1110100000000000
1000000000011100
1111000000000000
1000000000011100
1110100000000000
1000000001001110
1000100000000000
1110100000000000
1000000000011110
1111000000000000
1000000001001010
1110100000000000
1000000000000000
1111000000000000
1000000000011110
1110100000000000
1000000000000000
1110100000000000
1000101000000000
1000000000000010
1111000000000000
1000000000000010
1110100000000000
1001100000101000
1000000001001010
1110100000000000
1000000000000100
1111000000000000
1000000001001000
1110100000000000
1000000000000110
1111000000000000
1000000000000110
1110100000000000
1000000001001110
1000100000000000
1110100000000000
1000000000001000
1111000000000000
1000000000001000
1110100000000000
1000000000000100
1111000000000000
1000000000000100
1110100000000000
1000000001001010
1111000000000000
1000000001001100
1110100000000000
1000000000001010
1111000000000000
1000000001001000
1110100000000000
1000000000001100
1111000000000000
1000000000001100
1110100000000000
1000000000001010
1111000000000000
1000000000001010
1110100000000000
1000000001001100
1111000000000000
1000000001001000
1110100000000000
1000000000001110
1111000000000000
1000000001001000
1110100000000000
1000000000010000
1111000000000000
1000000000010000
1110100000000000
1000000000000001
1000100000000000
1000000000010010
1111000000000000
1000000000010010
1110100000000000
1000000000001110
1111000000000000
1000000000001110
1110100000000000
1000000001001000
1111000000000000
1010011110001110
1000000001001100
1110100000000000
1000000000010100
1111000000000000
1000000000010100
1110100000000000
1000000000100000
1000000001010010
1110100000000000
1000000000010110
1111000000000000
1000000001001110
1110100000000000
1000000000011000
1111000000000000
1000000000011000
1110100000000000
1000000000010110
1111000000000000
1000000000010110
1110100000000000
1000000001010010
1111000000000000
1000000001010010
1110100000000000
1000000000011010
1111000000000000
1000000001010000
1110100000000000
1000000000011100
1111000000000000
1000000000011100
1110100000000000
1000000000000001
1000010000000000
1000000000011110
1111000000000000
1000000000011010
1110100000000000
1000000000011110
1110100000000000
1000010000000000
1000000001000000
1000000000000000
1000000110000000
1000111001000000
1000000000000000
1000111001000000
1000000110000000
1000110000000000
1000000000000001
1000010000000000
1000000000000000
1111000000000000
1000000000000000
1110100000000000
1001100010001000
1000000001010100
1110100000000000
1000000000000010
1111000000000000
1000000000000010
1110100000000000
1000000001001110
1000100000000000
1110100000000000
1000000000000100
1111000000000000
1000000000000100
1110100000000000
1000000001010010
1110100000000000
1000000000000110
1111000000000000
1000000000000110
1110100000000000
1000000001010000
1110100000000000
1000000000001000
1111000000000000
1000000000001000
1110100000000000
1010011011110000
1000000000001010
1111000000000000
1000000000001010
1110100000000000
1000000000000100
1111000000000000
1000000000000100
1110100000000000
1000000001001110
1111000000000000
1000000001010110
1110100000000000
1000000000001100
1111000000000000
1000000001010100
1110100000000000
1000000000001110
1111000000000000
1000000000001110
1110100000000000
1000000001001110
1000100000000000
1110100000000000
1000000000010000
1111000000000000
1000000000010000
1110100000000000
1000000000001100
1111000000000000
1000000000001100
1110100000000000
1000000001010110
1111000000000000
1000000001010100
1110100000000000
1000000000010010
1111000000000000
1000000000010010
1110100000000000
1000000001001110
1000100000000000
1110100000000000
1000000000010100
1111000000000000
1000000001010010
1110100000000000
1000000000010110
1111000000000000
1000000000010110
1110100000000000
1000000001001110
1000100000000000
1110100000000000
1000000000011000
1111000000000000
1000000000011000
1110100000000000
1000000000010100
1111000000000000
1000000000010100
1110100000000000
1000000001001110
1111000000000000
1000000001010010
1110100000000000
1000000000011010
1111000000000000
1000000000011010
1110100000000000
1000000001001110
1000100000000000
1110100000000000
1000000000011100
1111000000000000
1000000001010110
1110100000000000
1000000000011110
1111000000000000
1000000000011110
1110100000000000
1000000000011100
1111000000000000
1000000000011100
1110100000000000
1000000001001110
1111000000000000
1000000001010010
1110100000000000
1000000000000000
1111000000000000
1000000001010010
1110100000000000
1000000000000010
1111000000000000
1000000000000010
1110100000000000
1000000000000001
1000100000000000
1000000000000100
1111000000000000
1000000000000100
1110100000000000
1000000000000000
1111000000000000
1000000000000000
1110100000000000
1000000001010010
1111000000000000
1010011101011000
1000000000100000
1000000001011000
1110100000000000
1000000000000110
1111000000000000
1000000000000000
1110100000000000
1000000000000110
1111000000000000
1000000000000110
1110100000000000
1000000001011000
1111000000000000
1000000001011000
1110100000000000
1000000000001000
1111000000000000
1000000000001000
1110100000000000
1000000000001010
1000010000000000
1000000001000000
1000000000000000
1000000110000000
1000111001000000
1000000000000000
1000111001000000
1000000110000000
1000110000000000
1000000000000001
1000010000000000
1000000000001010
1111000000000000
1000000000001010
1110100000000000
1001100000101111
1000000001011000
1110100000000000
1000000000001100
1111000000000000
1000000000001100
1110100000000000
1000000000100000
1000100000000000
1110100000000000
1000000000001110
1111000000000000
1100000000000001
1100000000000000
1000000000010000
1111000000000000
1000000000010000
1110100000000000
1000000000001110
1111000000000000
1000000000001110
1110100000000000
1000000000100000
1111000000000000
1000000001011000
1110100000000000
1000000000010010
1111000000000000
1000000001011000
1110100000000000
1000000000010100
1111000000000000
1000000000010100
1110100000000000
1000000000000001
1000100000000000
1000000000010110
1111000000000000
1000000000010110
1110100000000000
1000000000010010
1111000000000000
1000000000010010
1110100000000000
1000000001011000
1111000000000000
1010011110111100
1000000000000010
1110100000000000
1000000000100000
1000100000000000
1110100000000000
1000000000011000
1111000000000000
1000000000011000
1110100000000000
1000000000000000
1000000000001010
1010011011101000
1000000001011000
1110100000000000
1000000000011100
1111000000000000
1000000000000000
1110100000000000
1000000000011100
1111000000000000
1000000000011100
1110100000000000
1000000001011000
1111000000000000
1000000001011000
1110100000000000
1000000000011110
1111000000000000
1000000000011110
1110100000000000
1000000000001010
1000010000000000
1000000001000000
1000000000000000
1000000110000000
1000111001000000
1000000000000000
1000111001000000
1000000110000000
1000110000000000
1000000000000001
1000010000000000
1000000000000000
1111000000000000
1000000000000000
1110100000000000
1001100000100111
1000000001011000
1110100000000000
1000000000000010
1111000000000000
1000000000000010
1110100000000000
1000000000100000
1000100000000000
1110100000000000
1000000000000100
1111000000000000
1000000000000100
1110100000000000
0000000000000000
1101000000000000
1000000001011000
1110100000000000
1000000000001000
1111000000000000
1000000001011000
1110100000000000
1000000000001010
1111000000000000
1000000000001010
1110100000000000
1000000000000001
1000100000000000
1000000000001100
1111000000000000
1000000000001100
1110100000000000
1000000000001000
1111000000000000
1000000000001000
1110100000000000
1000000001011000
1111000000000000
1010011111000100
1110000000000000
