1010000010001001
0000000000100010
1110100000000000
0000000000000010
1111100000000000
0000000000000001
0000000000000010
1111100000000000
0000000000000010
1110100000000000
0000000000100010
1111100000000000
0000000000100100
1110100000000000
0000000000000100
1111100000000000
0000000000000001
0000000000000100
1111100000000000
0000000000000100
1110100000000000
0000000000100100
1111100000000000
0000000000100000
1110100000000000
0000000000000110
1111100000000000
0000000000000011
0000000000000110
1111100000000000
0000000000000110
1110100000000000
0000000000100000
1111100000000000
0000000000100000
1110100000000000
0000000000001000
1111100000000000
0000000000101000
1110100000000000
0000000000001010
1111100000000000
0000000000001000
1110100000000000
0000000000001010
1110100000000000
1000010000000000
1000000001000000
0000000000000000
1000000110000000
1000111001000000
0000000000000000
1000111001000000
1000000110000000
1000110000000000
0000000000000001
1000010000000000
0000000000001100
1111100000000000
0000000000001100
1110100000000000
1001100001000101
0000000000100110
1110100000000000
0000000000001110
1111100000000000
0000000000100010
1110100000000000
0000000000010000
1111100000000000
0000000000100100
1110100000000000
0000000000010010
1111100000000000
0000000000010000
1110100000000000
0000000000010010
1110100000000000
1000100000000000
0000000000010100
1111100000000000
0000000000010100
1110100000000000
0000000000001110
1111100000000000
0000000000001110
1110100000000000
0000000000100110
1111100000000000
0000000000100010
1110100000000000
0000000000010110
1111100000000000
0000000000100100
1110100000000000
0000000000011000
1111100000000000
0000000000011000
1110100000000000
0000000000010110
1111100000000000
0000000000010110
1110100000000000
0000000000100010
1111100000000000
0000000000100100
1110100000000000
0000000000011010
1111100000000000
0000000000100110
1110100000000000
0000000000011100
1111100000000000
0000000000011100
1110100000000000
0000000000011010
1111100000000000
0000000000011010
1110100000000000
0000000000100100
1111100000000000
0000000000100110
1110100000000000
0000000000011110
1111100000000000
0000000000011110
1110100000000000
0000000000000000
1101000000000000
1010010001011111
0000000000100100
1110100000000000
0000000000000010
1111100000000000
0000000000000010
1110100000000000
1000000000100000
0000000000101000
1110100000000000
0000000000000100
1111100000000000
1100000000000001
1100000000000000
0000000000000110
1111100000000000
0000000000000110
1110100000000000
0000000000000100
1111100000000000
0000000000000100
1110100000000000
0000000000101000
1111100000000000
0000000000101000
1110100000000000
0000000000001000
1111100000000000
0000000000001000
1110100000000000
1010010010011110
0000000000001010
1111100000000000
0000000000001010
1110100000000000
0000000000000000
1101000000000000
1110000000000000
