sss
0000000000000000
1111000000000000
sss
0000000000000000
1110100000000000
0000000000000010
1111000000000000
sss
0000000000000000
1110100000000000
0000000000000100
1111000000000000
0000000000000100
1110100000000000
0000000000000000
1000101000000000
0000000000000110
1111000000000000
0000000000000110
1110100000000000
1001100000001001
sss
0000000000000000
1110100000000000
0000000000001000
1111000000000000
0000000000001000
1110100000000000
1000000000100000
1010000000110100
sss
0000000000000000
1110100000000000
0000000000001010
1111000000000000
0000000000001010
1110100000000000
sss
0000000000000000
1110100000000000
0000000000001100
1111000000000000
sss
0000000000000000
1110100000000000
0000000000001110
1111000000000000
sss
0000000000000000
1110100000000000
0000000000010000
1111000000000000
0000000000001110
1110100000000000
0000000000010000
1110100000000000
1000000100000100
0000000000010010
1111000000000000
sss
0000000000000000
1110100000000000
0000000000010100
1111000000000000
0000000000010010
1110100000000000
0000000000010100
1110100000000000
1000000100000000
0000000000010110
1111000000000000
0000000000001100
1110100000000000
0000000000010110
1110100000000000
1000010000000000
0000000000011000
1111000000000000
0000000000011000
1110100000000000
1010011110111000
0000000000011010
1111000000000000
0000000000011010
1110100000000000
1000000000100000
1000000000100000
0000000000100000
1110100000000000
0000000000011100
1111000000000000
1100000000000001
1100000000000000
0000000000011110
1111000000000000
0000000000011110
1110100000000000
0000000000011100
1111000000000000
0000000000011100
1110100000000000
0000000000100000
1111000000000000
0000000000100010
1110100000000000
0000000000000000
1111000000000000
1100000000000001
1100000000000000
0000000000000010
1111000000000000
0000000000000010
1110100000000000
0000000000000000
1111000000000000
0000000000000000
1110100000000000
0000000000100010
1111000000000000
0000000000100000
1110100000000000
0000000000000100
1111000000000000
0000000000000100
1110100000000000
0000000000100010
1110100000000000
0000000000000110
1111000000000000
0000000000000110
1110100000000000
1010011110000101
0000000000001000
1111000000000000
0000000000001000
1110100000000000
0000000000000000
1101000000000000
1110000000000000
